# b_vs_i = batch_vs_inc(arqW, patterns, 0.001, 10);
# name: b_vs_i
# type: cell
# rows: 11
# columns: 1
# name: <cell-element>
# type: cell
# rows: 1
# columns: 2
# name: <cell-element>
# type: matrix
# rows: 10
# columns: 1
 310.5891614826065
 108.4939579065111
 46.42768547618967
 25.4192839346133
 17.88392759487257
 15.0325334930829
 13.87222949339929
 13.34624405712933
 13.07124953134536
 12.90394343254279



# name: <cell-element>
# type: matrix
# rows: 10
# columns: 1
 140.2208874628339
 41.57003535874795
 21.12396595207648
 15.85537838866995
 14.2392447546889
 13.61499275298508
 13.30055295012129
 13.10440122255854
 12.96548979734586
 12.8604396343146





# name: <cell-element>
# type: cell
# rows: 1
# columns: 2
# name: <cell-element>
# type: matrix
# rows: 10
# columns: 1
 104.2598268026773
 21.2712693630245
 15.50689042002534
 14.5860039699292
 14.13377769218142
 13.80752047670474
 13.54604949185695
 13.32531816410108
 13.13282489859737
 12.96123064876834



# name: <cell-element>
# type: matrix
# rows: 10
# columns: 1
 333.3393805220637
 51.70240410681307
 19.84357312741502
 16.10330811376911
 15.25662481453692
 14.80533305853581
 14.47387105610194
 14.21067975650127
 13.99506314687839
 13.81459025936971





# name: <cell-element>
# type: cell
# rows: 1
# columns: 2
# name: <cell-element>
# type: matrix
# rows: 10
# columns: 1
 24.18922355889649
 13.90930153074154
 12.13454126729971
 11.29927342711393
 10.85028341769863
 10.56884529660193
 10.36394324579411
 10.1969995022764
 10.05123485590689
 9.919047464704148



# name: <cell-element>
# type: matrix
# rows: 10
# columns: 1
 7575.953467539826
 14460.71156698644
 7042.943919924114
 1580.79991379266
 1128.910349977945
 1457.065062833283
 1595.62430818947
 1436.564174646019
 870.4325162302169
 411.7511904031884





# name: <cell-element>
# type: cell
# rows: 1
# columns: 2
# name: <cell-element>
# type: matrix
# rows: 10
# columns: 1
 13.15274735343165
 10.57840600948865
 9.794640607387231
 9.494926009296163
 9.335732431164331
 9.219213845895569
 9.117441916877596
 9.022346993551883
 8.93150047850258
 8.844082987521245



# name: <cell-element>
# type: matrix
# rows: 10
# columns: 1
 92971.83787653413
 65969.78150983763
 1144714.968455397
 6248911.337293429
 3765824.404941988
 28496881.54633411
 89335413.20621389
 266701118.7811117
 2004730003.187644
 5519995059.140662





# name: <cell-element>
# type: cell
# rows: 1
# columns: 2
# name: <cell-element>
# type: matrix
# rows: 10
# columns: 1
 182.3791931711521
 48.6836696724195
 21.10801721665531
 14.67958542312555
 12.84282818099526
 12.16135964975214
 11.84736960441792
 11.68356959978453
 11.5926347852876
 11.54012729351248



# name: <cell-element>
# type: matrix
# rows: 10
# columns: 1
 38.32861466683703
 16.66332504094092
 13.70140844031324
 12.60518432045709
 12.08479002345558
 11.82824400346782
 11.69870947988843
 11.63052762736968
 11.59201250791958
 11.56790648382497





# name: <cell-element>
# type: cell
# rows: 1
# columns: 2
# name: <cell-element>
# type: matrix
# rows: 10
# columns: 1
 220.9914604356484
 55.19028628707126
 21.80000612576565
 14.62020270484946
 12.87555759931648
 12.3505376391213
 12.14630497756937
 12.04964449255674
 11.9988495382785
 11.97084718892271



# name: <cell-element>
# type: matrix
# rows: 10
# columns: 1
 44.59864051877257
 15.70612704207759
 13.33512889172984
 12.64840887273784
 12.32288479556995
 12.15891019171696
 12.07571546360015
 12.03329047514937
 12.01144035393455
 11.99996633408106





# name: <cell-element>
# type: cell
# rows: 1
# columns: 2
# name: <cell-element>
# type: matrix
# rows: 10
# columns: 1
 98.73413943146819
 19.27109613856732
 14.41719251869038
 13.1868321961395
 12.60668194580293
 12.31022814582059
 12.15506715847393
 12.07152190490572
 12.02452487478928
 11.99628566773161



# name: <cell-element>
# type: matrix
# rows: 10
# columns: 1
 1180.902324028999
 409.6390191189307
 125.3430910784209
 41.80902762953556
 20.02778299387477
 14.39107706850644
 12.94399177353324
 12.56170204984304
 12.45254068102142
 12.41350338622482





# name: <cell-element>
# type: cell
# rows: 1
# columns: 2
# name: <cell-element>
# type: matrix
# rows: 10
# columns: 1
 52.77857572789383
 14.47399062848715
 12.72534900040195
 12.28546471452839
 12.07618911962273
 11.96538765766725
 11.90060680579387
 11.85767917475178
 11.82533611083696
 11.79829790483447



# name: <cell-element>
# type: matrix
# rows: 10
# columns: 1
 1165.659007039083
 731.3986937474622
 392.4371545679702
 187.0335885465657
 85.81279979195192
 41.62881869933796
 23.66290276773098
 16.50241841473369
 13.67041598336115
 12.53083186166092





# name: <cell-element>
# type: cell
# rows: 1
# columns: 2
# name: <cell-element>
# type: matrix
# rows: 10
# columns: 1
 38.91966031851354
 18.01015530614099
 14.65255967853375
 13.16852467922626
 12.46156108765691
 12.12088578863561
 11.95366313249622
 11.8687189286242
 11.82291707892246
 11.79582622099051



# name: <cell-element>
# type: matrix
# rows: 10
# columns: 1
 809.3408903507278
 762.5965863113128
 701.6937329763554
 627.4301114215098
 543.9889636615677
 456.5616664236959
 371.6043439066219
 293.5894913915436
 226.4632827008023
 171.1527584363583





# name: <cell-element>
# type: cell
# rows: 1
# columns: 2
# name: <cell-element>
# type: matrix
# rows: 10
# columns: 1
 21.1085069591029
 14.8572084845763
 13.07774728933695
 12.20847225928946
 11.78127811922758
 11.57018927934257
 11.4648119716474
 11.41113804642131
 11.38274004943628
 11.36669382203376



# name: <cell-element>
# type: matrix
# rows: 10
# columns: 1
 17334.51745738195
 25014.33235793071
 11218.11460094577
 83049.57454413555
 437412.4657562501
 719130.9309309406
 2842244.511356099
 6844317.325905774
 10718639.2907605
 29571907.78733164





# name: <cell-element>
# type: cell
# rows: 1
# columns: 2
# name: <cell-element>
# type: matrix
# rows: 10
# columns: 1
 33.91746455914885
 21.67931904540199
 16.57473700352574
 14.20799606533143
 13.10259897741521
 12.57862163930975
 12.32315165250824
 12.19204118047715
 12.11881939245387
 12.07279638119765



# name: <cell-element>
# type: matrix
# rows: 10
# columns: 1
 36668.48646499911
 123189.1417993781
 37803.83283562343
 43115.02832752277
 23726.23883720287
 17897.39733608414
 34012.63995939217
 53893.74251891563
 50093.40634210425
 22233.0772726719








