# fixed_vs_random(arqW, patterns, 0.01, 10);
# name: f_vs_r
# type: cell
# rows: 11
# columns: 1
# name: <cell-element>
# type: cell
# rows: 1
# columns: 2
# name: <cell-element>
# type: matrix
# rows: 10
# columns: 1
 13.00643787386331
 12.55953574887173
 12.46377332564709
 12.38367074811127
 12.28669880637744
 12.16172117177986
 11.99514642639944
 11.76521795750984
 11.43770255591746
 10.96594728386821



# name: <cell-element>
# type: matrix
# rows: 10
# columns: 1
 13.11966520218334
 12.73600426214977
 12.71658582518269
 12.68726482843828
 12.61816157567577
 12.70218859670048
 12.62342823872189
 12.51407700419506
 12.46703660248205
 12.52618567068142





# name: <cell-element>
# type: cell
# rows: 1
# columns: 2
# name: <cell-element>
# type: matrix
# rows: 10
# columns: 1
 13.32530041820853
 12.10667762483515
 11.2673250121085
 10.54157404657333
 9.88710840219613
 9.305840451960675
 8.799089483229016
 8.368578577835128
 8.015306697919618
 7.733741475598461



# name: <cell-element>
# type: matrix
# rows: 10
# columns: 1
 13.29654522676279
 12.08325509613927
 11.19272462023106
 10.42871221446988
 9.600296156148458
 8.960908260953147
 8.585732855108789
 8.034930348464233
 7.860190363032915
 7.375781891953123





# name: <cell-element>
# type: cell
# rows: 1
# columns: 2
# name: <cell-element>
# type: matrix
# rows: 10
# columns: 1
 10.25397800102534
 9.178191144660859
 8.5459435858777
 8.10871420984
 7.766144066257572
 7.47660628709144
 7.222930034264466
 6.997682825859487
 6.79706877313187
 6.618535661578989



# name: <cell-element>
# type: matrix
# rows: 10
# columns: 1
 10.06702179121249
 8.827773967907094
 8.781196284787733
 7.870004029795257
 7.951471771165186
 7.519500257236233
 7.345006490059081
 6.727317434892877
 6.603946822441689
 7.171985212040774





# name: <cell-element>
# type: cell
# rows: 1
# columns: 2
# name: <cell-element>
# type: matrix
# rows: 10
# columns: 1
 8.972402916344235
 8.258513977306507
 7.7182538576522
 7.285174387692566
 6.924325018781897
 6.615767635751125
 6.347645159980368
 6.112481510567107
 5.90519175081667
 5.722022962940242



# name: <cell-element>
# type: matrix
# rows: 10
# columns: 1
 9.092354274188619
 8.305524614746041
 8.679680193638857
 7.353307824069218
 7.003213670026117
 7.429306369182911
 6.975118322906701
 6.544400975946436
 5.873161897836884
 5.768196228104008





# name: <cell-element>
# type: cell
# rows: 1
# columns: 2
# name: <cell-element>
# type: matrix
# rows: 10
# columns: 1
 11.54326840054151
 11.42991769275958
 11.37987969569074
 11.33293745105431
 11.28779043510813
 11.24375528116117
 11.20037119282992
 11.15730980115559
 11.11432720888249
 11.07123543307505



# name: <cell-element>
# type: matrix
# rows: 10
# columns: 1
 11.58898001380665
 11.45507214308558
 11.40752850713746
 11.44274112031995
 11.32450370990667
 11.41791442779168
 11.31256161584577
 11.27201621333036
 11.41204725771474
 11.12368441437651





# name: <cell-element>
# type: cell
# rows: 1
# columns: 2
# name: <cell-element>
# type: matrix
# rows: 10
# columns: 1
 12.01220480930784
 11.97105787670599
 11.96209805917369
 11.95249013764163
 11.94261482768701
 11.93246298571414
 11.92200202178623
 11.9111999172253
 11.90002667801039
 11.88845470608853



# name: <cell-element>
# type: matrix
# rows: 10
# columns: 1
 11.96397672445621
 11.9138515282218
 11.91717533741413
 11.95565154694578
 12.52700242786363
 11.87198871419823
 11.8833548372104
 12.12811712170329
 11.85470644928593
 11.87564068340614





# name: <cell-element>
# type: cell
# rows: 1
# columns: 2
# name: <cell-element>
# type: matrix
# rows: 10
# columns: 1
 12.277939285873
 12.17264951510396
 12.09651339904428
 12.03069218254848
 11.97296385278308
 11.92176679189499
 11.87593969419003
 11.83460155043104
 11.79707215015677
 11.76281727096517



# name: <cell-element>
# type: matrix
# rows: 10
# columns: 1
 13.02919846300756
 12.32497746592145
 12.86098355889855
 12.26767601402126
 12.03688898127379
 12.55846018852229
 12.85174728707469
 11.64726850436246
 11.6229627247438
 11.9324843848327





# name: <cell-element>
# type: cell
# rows: 1
# columns: 2
# name: <cell-element>
# type: matrix
# rows: 10
# columns: 1
 11.96868185836795
 11.74382306274906
 11.57350887743467
 11.43786049795642
 11.32744437308341
 11.23590795992856
 11.15856283834692
 11.09175770657037
 11.03257807157812
 10.97868549772123



# name: <cell-element>
# type: matrix
# rows: 10
# columns: 1
 12.01965179318317
 11.54033077920486
 11.73481888207535
 12.48351910395973
 11.94421786319466
 12.07441121311459
 11.03811938790771
 10.94696499767211
 10.83627335982539
 10.78359342873059





# name: <cell-element>
# type: cell
# rows: 1
# columns: 2
# name: <cell-element>
# type: matrix
# rows: 10
# columns: 1
 11.8824032046559
 11.76640679607187
 11.68789553687295
 11.62178718189853
 11.56603521898882
 11.51935289341214
 11.48065212741314
 11.44889851752888
 11.4230707191063
 11.40217386331501



# name: <cell-element>
# type: matrix
# rows: 10
# columns: 1
 11.87023593739987
 12.83518817335179
 11.6923913508556
 12.0869744571397
 11.8508928696361
 11.48917575178919
 11.59895352475576
 11.4092247416242
 11.37792416338166
 11.99087086600483





# name: <cell-element>
# type: cell
# rows: 1
# columns: 2
# name: <cell-element>
# type: matrix
# rows: 10
# columns: 1
 11.33437511178595
 11.28684284243516
 11.25101959070629
 11.2200123387818
 11.19217390550152
 11.1663748060073
 11.14181797103191
 11.1179272711269
 11.09427697358442
 11.07054514211665



# name: <cell-element>
# type: matrix
# rows: 10
# columns: 1
 11.39697186457185
 12.15237367509234
 12.23573475669203
 14.57890381570294
 11.2565961470308
 11.65918100789375
 11.33591721471395
 11.3745971182229
 11.86605681496566
 11.16524739185735





# name: <cell-element>
# type: cell
# rows: 1
# columns: 2
# name: <cell-element>
# type: matrix
# rows: 10
# columns: 1
 12.13918025972004
 11.89907576133086
 11.75246455340877
 11.64070613296041
 11.5536014461056
 11.4848159956206
 11.42988694939919
 11.38548456727009
 11.34903562281743
 11.31851591125586



# name: <cell-element>
# type: matrix
# rows: 10
# columns: 1
 12.09937401446055
 12.52030914091803
 13.23742831289661
 13.9308030984025
 12.91560590942554
 11.53565773036893
 12.63508981899201
 11.60278459485689
 11.45546463226375
 13.94243978789352








