# momentum_comparison_test(arqW, patterns, 0.01, 10);
# name: l_vs_h
# type: cell
# rows: 11
# columns: 1
# name: <cell-element>
# type: cell
# rows: 1
# columns: 2
# name: <cell-element>
# type: matrix
# rows: 10
# columns: 1
 12.69304411337817
 12.5082435671627
 12.38898241283874
 12.22058948331703
 11.96363688548866
 11.54128153692111
 10.81737893390911
 9.717297583697318
 8.631475056964501
 8.006397426320499



# name: <cell-element>
# type: matrix
# rows: 10
# columns: 1
 12.63428946488404
 12.47943477087786
 12.29039841779797
 11.96973229027057
 11.36006706521782
 10.18852396885638
 8.745356478548283
 7.972447126379905
 7.672195323143326
 7.553292340824009





# name: <cell-element>
# type: cell
# rows: 1
# columns: 2
# name: <cell-element>
# type: matrix
# rows: 10
# columns: 1
 12.73321909973458
 11.32267877499853
 10.23425263675978
 9.328431907717654
 8.609867925141517
 8.07451986255545
 7.701915538590627
 7.440494539076675
 7.232089362076805
 7.032912281738506



# name: <cell-element>
# type: matrix
# rows: 10
# columns: 1
 12.30623704669178
 10.71266501616689
 9.486483904081974
 8.583768757311747
 7.98030814996299
 7.607033269337705
 7.345886086513517
 7.101560160661633
 6.82909434506703
 6.532339442338657





# name: <cell-element>
# type: cell
# rows: 1
# columns: 2
# name: <cell-element>
# type: matrix
# rows: 10
# columns: 1
 9.583507039055441
 8.537023567874526
 7.953367755248008
 7.522933495003414
 7.167362598804732
 6.865836331836307
 6.609953255673992
 6.393380207105947
 6.210133510548316
 6.054599368925359



# name: <cell-element>
# type: matrix
# rows: 10
# columns: 1
 9.171383329204916
 8.19288442236194
 7.622228473917906
 7.177441199534202
 6.811767911013412
 6.511920201541344
 6.267162071570801
 6.066946258519095
 5.901685101985622
 5.763247712134329





# name: <cell-element>
# type: cell
# rows: 1
# columns: 2
# name: <cell-element>
# type: matrix
# rows: 10
# columns: 1
 8.603112481515685
 7.736147298773718
 7.110839091610483
 6.622513981798437
 6.225079821415576
 5.896234609777687
 5.623114277574939
 5.396618000032817
 5.209345594398837
 5.054899763731195



# name: <cell-element>
# type: matrix
# rows: 10
# columns: 1
 8.327026468442034
 7.363231235381444
 6.686578772075539
 6.16791952983657
 5.75890824025809
 5.436246446548044
 5.183771553751
 4.987746282392151
 4.835972994281465
 4.71780679074772





# name: <cell-element>
# type: cell
# rows: 1
# columns: 2
# name: <cell-element>
# type: matrix
# rows: 10
# columns: 1
 11.4579745868905
 11.37359824318222
 11.30022951660384
 11.2309975381296
 11.16378828186336
 11.09735996273134
 11.03092112029013
 10.9639283616044
 10.89598216024945
 10.82677092968641



# name: <cell-element>
# type: matrix
# rows: 10
# columns: 1
 11.42194750055671
 11.31805750882662
 11.22540701457264
 11.13733113717863
 11.05074492138954
 10.96393447685833
 10.87583313931354
 10.78570451842102
 10.69300230140624
 10.59731499993704





# name: <cell-element>
# type: cell
# rows: 1
# columns: 2
# name: <cell-element>
# type: matrix
# rows: 10
# columns: 1
 11.99921224095899
 11.98576779980539
 11.97056540874919
 11.95466676732935
 11.93797762333493
 11.92037883422212
 11.90176501360816
 11.88204840324184
 11.86116311554642
 11.83906959683229



# name: <cell-element>
# type: matrix
# rows: 10
# columns: 1
 12.01094462957289
 11.99209362648699
 11.97121863280439
 11.94894793249003
 11.92500473155098
 11.89915375876252
 11.87121946842035
 11.84110356904598
 11.80880132659433
 11.77441197002843





# name: <cell-element>
# type: cell
# rows: 1
# columns: 2
# name: <cell-element>
# type: matrix
# rows: 10
# columns: 1
 12.30623162449274
 12.17716770242186
 12.07349697063768
 11.98764661133077
 11.91502494468785
 11.85260877634699
 11.79832477786001
 11.75069258676424
 11.70861039520839
 11.67122256968992



# name: <cell-element>
# type: matrix
# rows: 10
# columns: 1
 12.3182104715477
 12.16019215125637
 12.03752052456163
 11.93878842149132
 11.85733071961183
 11.78900550406234
 11.73105742198444
 11.68151754441674
 11.63887597831045
 11.60190311121494





# name: <cell-element>
# type: cell
# rows: 1
# columns: 2
# name: <cell-element>
# type: matrix
# rows: 10
# columns: 1
 11.85585048376646
 11.56977516562041
 11.3698129826638
 11.22225774443011
 11.10817672357332
 11.0149676302118
 10.93377136978205
 10.85833241731336
 10.78423632387777
 10.70829198084998



# name: <cell-element>
# type: matrix
# rows: 10
# columns: 1
 11.74498896092448
 11.42613930833693
 11.21798985659427
 11.07026475665806
 10.95500306874595
 10.85472264948192
 10.75831195090807
 10.65849736428321
 10.55000116994825
 10.42826669037742





# name: <cell-element>
# type: cell
# rows: 1
# columns: 2
# name: <cell-element>
# type: matrix
# rows: 10
# columns: 1
 11.80491199223835
 11.67800628218303
 11.58227248365942
 11.50862234954323
 11.45308969373046
 11.41211169283883
 11.38226666820108
 11.36046355223115
 11.34415304422517
 11.33140426157016



# name: <cell-element>
# type: matrix
# rows: 10
# columns: 1
 11.74593942476326
 11.60385098523826
 11.50227971563477
 11.43115726862114
 11.38299644880725
 11.35086197146175
 11.32894278563067
 11.31299925593038
 11.30027895965202
 11.28914131556913





# name: <cell-element>
# type: cell
# rows: 1
# columns: 2
# name: <cell-element>
# type: matrix
# rows: 10
# columns: 1
 11.26332058324891
 11.20060253844072
 11.15124476624253
 11.10862794151108
 11.06914472209033
 11.03060060473504
 10.99160651776991
 10.9512344320083
 10.90880969588358
 10.86378157169613



# name: <cell-element>
# type: matrix
# rows: 10
# columns: 1
 11.21411007871413
 11.13532669067844
 11.07374479021319
 11.0187475325059
 10.9648848559988
 10.909165020631
 10.84976145829047
 10.78533003477477
 10.71463398392195
 10.63631860371303





# name: <cell-element>
# type: cell
# rows: 1
# columns: 2
# name: <cell-element>
# type: matrix
# rows: 10
# columns: 1
 11.97107826139584
 11.73284942816205
 11.57611487351498
 11.46657616268423
 11.38783677314804
 11.32940243050678
 11.28407044599127
 11.24678606352983
 11.21399835701637
 11.18321536496187



# name: <cell-element>
# type: matrix
# rows: 10
# columns: 1
 11.9297318521631
 11.67038662713343
 11.50753201663997
 11.39970059914141
 11.32446078410227
 11.26787207426977
 11.22098461087009
 11.17804521283392
 11.13531172061903
 11.09022420259722








