# momentum_test(arqW, patterns, 0.01, 10);
# name: s_vs_m
# type: cell
# rows: 11
# columns: 1
# name: <cell-element>
# type: cell
# rows: 1
# columns: 2
# name: <cell-element>
# type: matrix
# rows: 10
# columns: 1
 13.00643787386331
 12.55953574887173
 12.46377332564709
 12.38367074811127
 12.28669880637744
 12.16172117177986
 11.99514642639944
 11.76521795750984
 11.43770255591746
 10.96594728386821



# name: <cell-element>
# type: matrix
# rows: 10
# columns: 1
 12.63428946488404
 12.47943477087786
 12.29039841779797
 11.96973229027057
 11.36006706521782
 10.18852396885638
 8.745356478548283
 7.972447126379905
 7.672195323143326
 7.553292340824009





# name: <cell-element>
# type: cell
# rows: 1
# columns: 2
# name: <cell-element>
# type: matrix
# rows: 10
# columns: 1
 13.32530041820853
 12.10667762483515
 11.2673250121085
 10.54157404657333
 9.88710840219613
 9.305840451960675
 8.799089483229016
 8.368578577835128
 8.015306697919618
 7.733741475598461



# name: <cell-element>
# type: matrix
# rows: 10
# columns: 1
 12.30623704669178
 10.71266501616689
 9.486483904081974
 8.583768757311747
 7.98030814996299
 7.607033269337705
 7.345886086513517
 7.101560160661633
 6.82909434506703
 6.532339442338657





# name: <cell-element>
# type: cell
# rows: 1
# columns: 2
# name: <cell-element>
# type: matrix
# rows: 10
# columns: 1
 10.25397800102534
 9.178191144660859
 8.5459435858777
 8.10871420984
 7.766144066257572
 7.47660628709144
 7.222930034264466
 6.997682825859487
 6.79706877313187
 6.618535661578989



# name: <cell-element>
# type: matrix
# rows: 10
# columns: 1
 9.171383329204916
 8.19288442236194
 7.622228473917906
 7.177441199534202
 6.811767911013412
 6.511920201541344
 6.267162071570801
 6.066946258519095
 5.901685101985622
 5.763247712134329





# name: <cell-element>
# type: cell
# rows: 1
# columns: 2
# name: <cell-element>
# type: matrix
# rows: 10
# columns: 1
 8.972402916344235
 8.258513977306507
 7.7182538576522
 7.285174387692566
 6.924325018781897
 6.615767635751125
 6.347645159980368
 6.112481510567107
 5.90519175081667
 5.722022962940242



# name: <cell-element>
# type: matrix
# rows: 10
# columns: 1
 8.327026468442034
 7.363231235381444
 6.686578772075539
 6.16791952983657
 5.75890824025809
 5.436246446548044
 5.183771553751
 4.987746282392151
 4.835972994281465
 4.71780679074772





# name: <cell-element>
# type: cell
# rows: 1
# columns: 2
# name: <cell-element>
# type: matrix
# rows: 10
# columns: 1
 11.54326840054151
 11.42991769275958
 11.37987969569074
 11.33293745105431
 11.28779043510813
 11.24375528116117
 11.20037119282992
 11.15730980115559
 11.11432720888249
 11.07123543307505



# name: <cell-element>
# type: matrix
# rows: 10
# columns: 1
 11.42194750055671
 11.31805750882662
 11.22540701457264
 11.13733113717863
 11.05074492138954
 10.96393447685833
 10.87583313931354
 10.78570451842102
 10.69300230140624
 10.59731499993704





# name: <cell-element>
# type: cell
# rows: 1
# columns: 2
# name: <cell-element>
# type: matrix
# rows: 10
# columns: 1
 12.01220480930784
 11.97105787670599
 11.96209805917369
 11.95249013764163
 11.94261482768701
 11.93246298571414
 11.92200202178623
 11.9111999172253
 11.90002667801039
 11.88845470608853



# name: <cell-element>
# type: matrix
# rows: 10
# columns: 1
 12.01094462957289
 11.99209362648699
 11.97121863280439
 11.94894793249003
 11.92500473155098
 11.89915375876252
 11.87121946842035
 11.84110356904598
 11.80880132659433
 11.77441197002843





# name: <cell-element>
# type: cell
# rows: 1
# columns: 2
# name: <cell-element>
# type: matrix
# rows: 10
# columns: 1
 12.277939285873
 12.17264951510396
 12.09651339904428
 12.03069218254848
 11.97296385278308
 11.92176679189499
 11.87593969419003
 11.83460155043104
 11.79707215015677
 11.76281727096517



# name: <cell-element>
# type: matrix
# rows: 10
# columns: 1
 12.3182104715477
 12.16019215125637
 12.03752052456163
 11.93878842149132
 11.85733071961183
 11.78900550406234
 11.73105742198444
 11.68151754441674
 11.63887597831045
 11.60190311121494





# name: <cell-element>
# type: cell
# rows: 1
# columns: 2
# name: <cell-element>
# type: matrix
# rows: 10
# columns: 1
 11.96868185836795
 11.74382306274906
 11.57350887743467
 11.43786049795642
 11.32744437308341
 11.23590795992856
 11.15856283834692
 11.09175770657037
 11.03257807157812
 10.97868549772123



# name: <cell-element>
# type: matrix
# rows: 10
# columns: 1
 11.74498896092448
 11.42613930833693
 11.21798985659427
 11.07026475665806
 10.95500306874595
 10.85472264948192
 10.75831195090807
 10.65849736428321
 10.55000116994825
 10.42826669037742





# name: <cell-element>
# type: cell
# rows: 1
# columns: 2
# name: <cell-element>
# type: matrix
# rows: 10
# columns: 1
 11.8824032046559
 11.76640679607187
 11.68789553687295
 11.62178718189853
 11.56603521898882
 11.51935289341214
 11.48065212741314
 11.44889851752888
 11.4230707191063
 11.40217386331501



# name: <cell-element>
# type: matrix
# rows: 10
# columns: 1
 11.74593942476326
 11.60385098523826
 11.50227971563477
 11.43115726862114
 11.38299644880725
 11.35086197146175
 11.32894278563067
 11.31299925593038
 11.30027895965202
 11.28914131556913





# name: <cell-element>
# type: cell
# rows: 1
# columns: 2
# name: <cell-element>
# type: matrix
# rows: 10
# columns: 1
 11.33437511178595
 11.28684284243516
 11.25101959070629
 11.2200123387818
 11.19217390550152
 11.1663748060073
 11.14181797103191
 11.1179272711269
 11.09427697358442
 11.07054514211665



# name: <cell-element>
# type: matrix
# rows: 10
# columns: 1
 11.21411007871413
 11.13532669067844
 11.07374479021319
 11.0187475325059
 10.9648848559988
 10.909165020631
 10.84976145829047
 10.78533003477477
 10.71463398392195
 10.63631860371303





# name: <cell-element>
# type: cell
# rows: 1
# columns: 2
# name: <cell-element>
# type: matrix
# rows: 10
# columns: 1
 12.13918025972004
 11.89907576133086
 11.75246455340877
 11.64070613296041
 11.5536014461056
 11.4848159956206
 11.42988694939919
 11.38548456727009
 11.34903562281743
 11.31851591125586



# name: <cell-element>
# type: matrix
# rows: 10
# columns: 1
 11.9297318521631
 11.67038662713343
 11.50753201663997
 11.39970059914141
 11.32446078410227
 11.26787207426977
 11.22098461087009
 11.17804521283392
 11.13531172061903
 11.09022420259722








