# tanh_vs_sigm(arqW, patterns, 0.01, 10);
# name: t_vs_s
# type: cell
# rows: 11
# columns: 1
# name: <cell-element>
# type: cell
# rows: 1
# columns: 2
# name: <cell-element>
# type: matrix
# rows: 10
# columns: 1
 13.00643787386331
 12.55953574887173
 12.46377332564709
 12.38367074811127
 12.28669880637744
 12.16172117177986
 11.99514642639944
 11.76521795750984
 11.43770255591746
 10.96594728386821



# name: <cell-element>
# type: matrix
# rows: 10
# columns: 1
 34.88599739210461
 17.60869556210931
 14.16888044413146
 13.49768740000627
 13.31726225834455
 13.22986809204938
 13.16373648465076
 13.10452690629852
 13.04894954885277
 12.99602882073125





# name: <cell-element>
# type: cell
# rows: 1
# columns: 2
# name: <cell-element>
# type: matrix
# rows: 10
# columns: 1
 13.32530041820853
 12.10667762483515
 11.2673250121085
 10.54157404657333
 9.88710840219613
 9.305840451960675
 8.799089483229016
 8.368578577835128
 8.015306697919618
 7.733741475598461



# name: <cell-element>
# type: matrix
# rows: 10
# columns: 1
 23.86575925772589
 14.52024081482341
 13.23400678963844
 12.95837811357064
 12.82504690247303
 12.72055998283657
 12.62702413408146
 12.53976677823672
 12.45655521017152
 12.37593453898346





# name: <cell-element>
# type: cell
# rows: 1
# columns: 2
# name: <cell-element>
# type: matrix
# rows: 10
# columns: 1
 10.25397800102534
 9.178191144660859
 8.5459435858777
 8.10871420984
 7.766144066257572
 7.47660628709144
 7.222930034264466
 6.997682825859487
 6.79706877313187
 6.618535661578989



# name: <cell-element>
# type: matrix
# rows: 10
# columns: 1
 16.09510487168477
 12.27938390712791
 11.77975053568039
 11.48283927780317
 11.21489341713022
 10.96097900479257
 10.71761396868805
 10.48333101357158
 10.25745830502237
 10.03973159905574





# name: <cell-element>
# type: cell
# rows: 1
# columns: 2
# name: <cell-element>
# type: matrix
# rows: 10
# columns: 1
 8.972402916344235
 8.258513977306507
 7.7182538576522
 7.285174387692566
 6.924325018781897
 6.615767635751125
 6.347645159980368
 6.112481510567107
 5.90519175081667
 5.722022962940242



# name: <cell-element>
# type: matrix
# rows: 10
# columns: 1
 14.65333382291872
 11.39333755476167
 10.85788550404094
 10.51544925220645
 10.21502737600941
 9.935872050098803
 9.672839599544035
 9.424265865458834
 9.189437997683784
 8.967921666760144





# name: <cell-element>
# type: cell
# rows: 1
# columns: 2
# name: <cell-element>
# type: matrix
# rows: 10
# columns: 1
 11.54326840054151
 11.42991769275958
 11.37987969569074
 11.33293745105431
 11.28779043510813
 11.24375528116117
 11.20037119282992
 11.15730980115559
 11.11432720888249
 11.07123543307505



# name: <cell-element>
# type: matrix
# rows: 10
# columns: 1
 20.43791299904655
 18.77575953509066
 17.59228742068175
 16.71985839846304
 16.05814951581892
 15.54418377614433
 15.13688007153524
 14.80855134908844
 14.54000421728944
 14.31760085735267





# name: <cell-element>
# type: cell
# rows: 1
# columns: 2
# name: <cell-element>
# type: matrix
# rows: 10
# columns: 1
 12.01220480930784
 11.97105787670599
 11.96209805917369
 11.95249013764163
 11.94261482768701
 11.93246298571414
 11.92200202178623
 11.9111999172253
 11.90002667801039
 11.88845470608853



# name: <cell-element>
# type: matrix
# rows: 10
# columns: 1
 25.90716238483656
 21.9322286352203
 19.4634890236563
 17.83474205408027
 16.7084272590273
 15.89948199013847
 15.30019693342629
 14.84475076822508
 14.49123773796409
 14.21202010665521





# name: <cell-element>
# type: cell
# rows: 1
# columns: 2
# name: <cell-element>
# type: matrix
# rows: 10
# columns: 1
 12.277939285873
 12.17264951510396
 12.09651339904428
 12.03069218254848
 11.97296385278308
 11.92176679189499
 11.87593969419003
 11.83460155043104
 11.79707215015677
 11.76281727096517



# name: <cell-element>
# type: matrix
# rows: 10
# columns: 1
 30.2198735323301
 23.72302245095815
 19.93907200792897
 17.58806677953197
 16.06289679903556
 15.04441387481657
 14.35100021057496
 13.87276021256265
 13.540021238983
 13.30706592181921





# name: <cell-element>
# type: cell
# rows: 1
# columns: 2
# name: <cell-element>
# type: matrix
# rows: 10
# columns: 1
 11.96868185836795
 11.74382306274906
 11.57350887743467
 11.43786049795642
 11.32744437308341
 11.23590795992856
 11.15856283834692
 11.09175770657037
 11.03257807157812
 10.97868549772123



# name: <cell-element>
# type: matrix
# rows: 10
# columns: 1
 21.75749866876424
 18.6266233470414
 16.67968573090635
 15.43323544772785
 14.61871468574344
 14.07799037914512
 13.71402792825484
 13.46554612832906
 13.29307155149663
 13.17083605545849





# name: <cell-element>
# type: cell
# rows: 1
# columns: 2
# name: <cell-element>
# type: matrix
# rows: 10
# columns: 1
 11.8824032046559
 11.76640679607187
 11.68789553687295
 11.62178718189853
 11.56603521898882
 11.51935289341214
 11.48065212741314
 11.44889851752888
 11.4230707191063
 11.40217386331501



# name: <cell-element>
# type: matrix
# rows: 10
# columns: 1
 19.32532862349197
 16.78338749235996
 15.30193936694396
 14.42016862917863
 13.88688287932944
 13.55948076835106
 13.3548860733432
 13.22390139076156
 13.13708697508583
 13.07670502743693





# name: <cell-element>
# type: cell
# rows: 1
# columns: 2
# name: <cell-element>
# type: matrix
# rows: 10
# columns: 1
 11.33437511178595
 11.28684284243516
 11.25101959070629
 11.2200123387818
 11.19217390550152
 11.1663748060073
 11.14181797103191
 11.1179272711269
 11.09427697358442
 11.07054514211665



# name: <cell-element>
# type: matrix
# rows: 10
# columns: 1
 21.77132935327007
 18.36207860569145
 16.34304040019808
 15.10736630066276
 14.3341761958367
 13.84236216330272
 13.52496881271185
 13.31689981622092
 13.17776756107014
 13.08221983917869





# name: <cell-element>
# type: cell
# rows: 1
# columns: 2
# name: <cell-element>
# type: matrix
# rows: 10
# columns: 1
 12.13918025972004
 11.89907576133086
 11.75246455340877
 11.64070613296041
 11.5536014461056
 11.4848159956206
 11.42988694939919
 11.38548456727009
 11.34903562281743
 11.31851591125586



# name: <cell-element>
# type: matrix
# rows: 10
# columns: 1
 24.30752663220862
 19.20567089596225
 16.43276163576231
 14.87301838694759
 13.96989218550669
 13.42979712113586
 13.09258892561434
 12.86917783942649
 12.70943211916968
 12.58495145609537








