# Created by Octave 4.0.0, Sun Mar 25 18:34:44 2018 -03 <axel@axel-VPCSB11FX>
# name: test_patterns
# type: cell
# rows: 4
# columns: 1
# name: <cell-element>
# type: cell
# rows: 1
# columns: 10
# name: <cell-element>
# type: cell
# rows: 1
# columns: 2
# name: <cell-element>
# type: matrix
# rows: 2
# columns: 1
 1.9628
 -2.2171



# name: <cell-element>
# type: scalar
0.083






# name: <cell-element>
# type: cell
# rows: 1
# columns: 2
# name: <cell-element>
# type: matrix
# rows: 2
# columns: 1
 -1.3664
 2.324



# name: <cell-element>
# type: scalar
0.1656






# name: <cell-element>
# type: cell
# rows: 1
# columns: 2
# name: <cell-element>
# type: matrix
# rows: 2
# columns: 1
 -0.5923
 1.7445



# name: <cell-element>
# type: scalar
0.4689






# name: <cell-element>
# type: cell
# rows: 1
# columns: 2
# name: <cell-element>
# type: matrix
# rows: 2
# columns: 1
 0.2933
 -1.9031



# name: <cell-element>
# type: scalar
0.2738






# name: <cell-element>
# type: cell
# rows: 1
# columns: 2
# name: <cell-element>
# type: matrix
# rows: 2
# columns: 1
 0.6269
 2.324



# name: <cell-element>
# type: scalar
0.0128






# name: <cell-element>
# type: cell
# rows: 1
# columns: 2
# name: <cell-element>
# type: matrix
# rows: 2
# columns: 1
 1.3606
 2.9243



# name: <cell-element>
# type: scalar
0.0001






# name: <cell-element>
# type: cell
# rows: 1
# columns: 2
# name: <cell-element>
# type: matrix
# rows: 2
# columns: 1
 -0.5923
 0.3226



# name: <cell-element>
# type: scalar
0.5192






# name: <cell-element>
# type: cell
# rows: 1
# columns: 2
# name: <cell-element>
# type: matrix
# rows: 2
# columns: 1
 0.6269
 2.8027



# name: <cell-element>
# type: scalar
0.0026






# name: <cell-element>
# type: cell
# rows: 1
# columns: 2
# name: <cell-element>
# type: matrix
# rows: 2
# columns: 1
 0.2933
 -0.8842



# name: <cell-element>
# type: scalar
0.6203






# name: <cell-element>
# type: cell
# rows: 1
# columns: 2
# name: <cell-element>
# type: matrix
# rows: 2
# columns: 1
 0.2933
 1.2464



# name: <cell-element>
# type: scalar
0.1918








# name: <cell-element>
# type: cell
# rows: 1
# columns: 50
# name: <cell-element>
# type: cell
# rows: 1
# columns: 2
# name: <cell-element>
# type: matrix
# rows: 2
# columns: 1
 0
 0.3226



# name: <cell-element>
# type: scalar
0.2704






# name: <cell-element>
# type: cell
# rows: 1
# columns: 2
# name: <cell-element>
# type: matrix
# rows: 2
# columns: 1
 0
 1.2464



# name: <cell-element>
# type: scalar
0.3518






# name: <cell-element>
# type: cell
# rows: 1
# columns: 2
# name: <cell-element>
# type: matrix
# rows: 2
# columns: 1
 2.6259
 -1.3962



# name: <cell-element>
# type: scalar
0.0601






# name: <cell-element>
# type: cell
# rows: 1
# columns: 2
# name: <cell-element>
# type: matrix
# rows: 2
# columns: 1
 -2.485
 -1.3024



# name: <cell-element>
# type: scalar
0.0005999999999999999






# name: <cell-element>
# type: cell
# rows: 1
# columns: 2
# name: <cell-element>
# type: matrix
# rows: 2
# columns: 1
 0.2933
 0.8699



# name: <cell-element>
# type: scalar
0.2188






# name: <cell-element>
# type: cell
# rows: 1
# columns: 2
# name: <cell-element>
# type: matrix
# rows: 2
# columns: 1
 -1.886
 2.324



# name: <cell-element>
# type: scalar
0.0786






# name: <cell-element>
# type: cell
# rows: 1
# columns: 2
# name: <cell-element>
# type: matrix
# rows: 2
# columns: 1
 -2.7638
 2.8027



# name: <cell-element>
# type: scalar
0.0018






# name: <cell-element>
# type: cell
# rows: 1
# columns: 2
# name: <cell-element>
# type: matrix
# rows: 2
# columns: 1
 0.6269
 0



# name: <cell-element>
# type: scalar
0.318






# name: <cell-element>
# type: cell
# rows: 1
# columns: 2
# name: <cell-element>
# type: matrix
# rows: 2
# columns: 1
 -1.886
 -2.2171



# name: <cell-element>
# type: scalar
0.0001






# name: <cell-element>
# type: cell
# rows: 1
# columns: 2
# name: <cell-element>
# type: matrix
# rows: 2
# columns: 1
 2.6259
 -0.2792



# name: <cell-element>
# type: scalar
0.0393






# name: <cell-element>
# type: cell
# rows: 1
# columns: 2
# name: <cell-element>
# type: matrix
# rows: 2
# columns: 1
 -1.886
 1.4013



# name: <cell-element>
# type: scalar
0.3694






# name: <cell-element>
# type: cell
# rows: 1
# columns: 2
# name: <cell-element>
# type: matrix
# rows: 2
# columns: 1
 2.8666
 -3.0484



# name: <cell-element>
# type: scalar
0.0005






# name: <cell-element>
# type: cell
# rows: 1
# columns: 2
# name: <cell-element>
# type: matrix
# rows: 2
# columns: 1
 2.1128
 0



# name: <cell-element>
# type: scalar
0.1009






# name: <cell-element>
# type: cell
# rows: 1
# columns: 2
# name: <cell-element>
# type: matrix
# rows: 2
# columns: 1
 -2.9369
 1.2464



# name: <cell-element>
# type: scalar
0.0232






# name: <cell-element>
# type: cell
# rows: 1
# columns: 2
# name: <cell-element>
# type: matrix
# rows: 2
# columns: 1
 -0.5923
 2.8027



# name: <cell-element>
# type: scalar
0.0346






# name: <cell-element>
# type: cell
# rows: 1
# columns: 2
# name: <cell-element>
# type: matrix
# rows: 2
# columns: 1
 -2.9369
 0



# name: <cell-element>
# type: scalar
0.008






# name: <cell-element>
# type: cell
# rows: 1
# columns: 2
# name: <cell-element>
# type: matrix
# rows: 2
# columns: 1
 0
 2.0433



# name: <cell-element>
# type: scalar
0.1321






# name: <cell-element>
# type: cell
# rows: 1
# columns: 2
# name: <cell-element>
# type: matrix
# rows: 2
# columns: 1
 -1.886
 -2.7761



# name: <cell-element>
# type: scalar
0






# name: <cell-element>
# type: cell
# rows: 1
# columns: 2
# name: <cell-element>
# type: matrix
# rows: 2
# columns: 1
 -1.886
 2.0433



# name: <cell-element>
# type: scalar
0.1483






# name: <cell-element>
# type: cell
# rows: 1
# columns: 2
# name: <cell-element>
# type: matrix
# rows: 2
# columns: 1
 0.2933
 1.2464



# name: <cell-element>
# type: scalar
0.1918






# name: <cell-element>
# type: cell
# rows: 1
# columns: 2
# name: <cell-element>
# type: matrix
# rows: 2
# columns: 1
 -2.9369
 -2.7761



# name: <cell-element>
# type: scalar
0






# name: <cell-element>
# type: cell
# rows: 1
# columns: 2
# name: <cell-element>
# type: matrix
# rows: 2
# columns: 1
 -0.5923
 -1.3962



# name: <cell-element>
# type: scalar
0.07530000000000001






# name: <cell-element>
# type: cell
# rows: 1
# columns: 2
# name: <cell-element>
# type: matrix
# rows: 2
# columns: 1
 2.237
 -2.2171



# name: <cell-element>
# type: scalar
0.0463






# name: <cell-element>
# type: cell
# rows: 1
# columns: 2
# name: <cell-element>
# type: matrix
# rows: 2
# columns: 1
 -2.485
 -0.5885



# name: <cell-element>
# type: scalar
0.008






# name: <cell-element>
# type: cell
# rows: 1
# columns: 2
# name: <cell-element>
# type: matrix
# rows: 2
# columns: 1
 -1.1384
 2.324



# name: <cell-element>
# type: scalar
0.1699






# name: <cell-element>
# type: cell
# rows: 1
# columns: 2
# name: <cell-element>
# type: matrix
# rows: 2
# columns: 1
 -2.9369
 2.8027



# name: <cell-element>
# type: scalar
0.0009






# name: <cell-element>
# type: cell
# rows: 1
# columns: 2
# name: <cell-element>
# type: matrix
# rows: 2
# columns: 1
 1.1378
 -1.9031



# name: <cell-element>
# type: scalar
0.4294






# name: <cell-element>
# type: cell
# rows: 1
# columns: 2
# name: <cell-element>
# type: matrix
# rows: 2
# columns: 1
 0
 -0.8842



# name: <cell-element>
# type: scalar
0.3958






# name: <cell-element>
# type: cell
# rows: 1
# columns: 2
# name: <cell-element>
# type: matrix
# rows: 2
# columns: 1
 -1.886
 0.3226



# name: <cell-element>
# type: scalar
0.2809






# name: <cell-element>
# type: cell
# rows: 1
# columns: 2
# name: <cell-element>
# type: matrix
# rows: 2
# columns: 1
 -0.2701
 -0.5885



# name: <cell-element>
# type: scalar
0.226






# name: <cell-element>
# type: cell
# rows: 1
# columns: 2
# name: <cell-element>
# type: matrix
# rows: 2
# columns: 1
 0.6269
 2.324



